7034.486508658662
3617.2119107355957
2380.4140590855786
1990.9210890397167
1646.0208969475036
1442.9369504458705
1256.2928119061846
1105.5707926364041
992.6921011884111
971.2495743002411
930.224236325685
893.2940984836209
864.1351675621734
834.1520655846934
780.2747436943631
761.7473212841793
738.3063246573764
709.1169895523082
690.9478531762837
683.0557694964018
648.6726709941248
639.5667652311807
631.2583823647686
606.7171726290743
599.337424820116
581.1508167537161
571.0660744013848
567.2732628993651
552.098781897637
544.402506801733
529.0867679106682
516.0787937264272
514.3007772389499
507.1166471162404
501.1030480050853
494.6616629986974
474.7483220243807
471.44966741932876
455.62591200392495
453.83930365356105
446.11186852737643
439.95763502514154
434.76427874426275
427.98646279803654
423.6293496774009
417.3664885062245
413.3417493750405
406.39362375831445
404.3940310671255
399.60568271722013
394.5064452054014
392.8496829535789
383.5924787272475
379.85023201872315
377.51837552439895
372.54312378504227
367.71518748433647
366.86660272247127
361.1276555164666
357.12798340718933
351.24866516160887
346.50047528980446
344.328722985902
343.5539456525499
340.9214570134353
336.46671598151187
335.3078623041521
331.1716572747387
326.952354646512
325.5402684422246
320.8842724810228
317.01397835504144
314.057792672958
312.8703173993272
310.15860142180713
305.38158154649454
303.4860112724636
300.2162707377357
298.36964760400343
295.48719204083477
292.0670914307344
290.2804398504852
289.87221219327716
286.8105275200756
285.23208180506344
282.2736320888212
281.6083555722469
279.8217515993326
278.10356166051264
275.5830719792748
273.8414047052825
271.58538036745
267.3949465258608
266.40860655605877
264.35998339237585
262.51939391512195
261.4351688365153
257.0623782570029
255.7410112032542
255.1227358983595
253.72270723544943
253.07588961794625
250.51674635138886
246.7979330400401
244.60605306078813
242.96342169692718
242.35309088503948
241.9711860422492
239.74504396178838
237.24630513322168
236.70658205326143
235.1975254163475
234.71874406601418
232.4271289892462
231.1898484985344
229.92539389646265
228.3252961517569
227.043717116503
226.41667080562158
224.62647863551416
222.8392777511907
222.05642140443467
220.13519451171987
217.7865504960769
216.75547157705867
215.51398474150815
213.73772542665773
213.4996259845245
212.3723251716243
212.1358972110296
210.92191617570828
208.78767715309596
207.65529389961486
205.82975744229935
204.56016361387364
203.8669250374834
202.87523174940324
201.8802902458512
201.10709467829508
200.4645020548697
199.45230307354768
197.75642964492275
196.5660397518109
194.9460288850229
193.11005940175096
193.0267192183031
192.22608446121967
191.92664241353785
189.57923632244248
189.16699044711612
187.62246765488834
186.34336873786503
185.95217786213118
185.53302767507498
184.15281011605677
183.07138856625397
182.22784289101085
181.9825175313117
180.54762097429676
179.6540095588633
178.1335693816675
177.1234039875531
176.89028891838473
176.36165785445124
175.20976670780578
174.44290589843018
173.774402447954
173.52054709925326
171.5635014335383
170.86738386146908
170.06441346841126
169.4179414048236
168.70050262408884
167.45955927838295
166.73072071502585
165.57442411900735
165.25227401610866
164.33785587787509
163.64648352810508
163.23177524888698
162.44827101032317
162.03399544005174
161.56152565823712
159.94040033928488
159.58261997695345
159.0270584880557
158.2969155720894
157.83221279478954
157.1932661174837
156.73663611523176
155.97703279406903
154.7249845548256
154.35186186318282
153.63537540130847
152.5065595046902
152.2717256719704
151.9118037815256
150.9319394548088
150.68422458018628
149.6786471212878
148.7179574534079
147.89383645990452
147.71260045971525
147.3121934197394
146.62174207158967
146.1223636343828
145.1559204878623
144.94521290480336
144.4807450260774
143.88569460092083
143.52865774403597
142.8772836637384
141.87028928880716
140.7472084556881
140.3552879313497
140.2407543409455
139.70162974750716
139.238833755331
138.6188229140758
138.16387393384878
137.79194989108294
137.71996281100468
137.06351380749206
136.17629440023538
135.1701868046058
134.7678473744334
134.3840195799227
133.8743027396731
133.01160941121884
132.34329022961302
131.85568686417292
131.56139720620195
130.60967460629507
130.09826271806548
129.80722357554347
128.43772142111536
128.37053821971128
127.94025386298591
127.84510921406134
127.04556654233075
126.60054372433176
126.39931244211456
126.13410543806393
125.83898832326467
124.93803023652923
124.78372277778853
124.6444420105087
123.50692098782983
123.35731638227637
122.97503723918389
122.54328136875165
122.30368824194818
121.78699005778547
121.41125851850164
120.92061911176114
120.44475795932237
120.12783733425408
119.88007320188497
119.28301260815722
118.89708315222762
118.70115690121878
118.36895362383702
117.74243134291571
116.83888930101945
116.40622135162789
116.16557496261433
115.53320798173448
115.36708670018595
114.95841589322121
114.56121283207187
114.3477351859665
113.90321209700627
113.27295776999262
112.72920041844608
112.42303608441911
112.04039943939061
111.43843356249671
111.0692722468866
110.67847513240311
110.36425304461075
109.71518315752151
109.49692416003627
109.13635144595422
108.7474390842106
108.20903034216677
107.92653338460464
107.40509464614597
107.13998348860983
106.73545583547147
106.21263989409137
106.04500870472786
105.6269543409949
105.38569807034047
104.85177574781447
104.15732658189815
104.08623788969724
103.87693957166651
103.62834054423534
103.1707821760906
103.03685094186534
102.49664840614489
102.05598574718043
101.88916811618041
101.45043625210863
100.9784533355615
100.62503728798818
100.26794335160898
100.00890129564985
99.82284778809476
99.67362230703516
99.27594683794555
99.18908172173965
98.5884665468543
98.22990418627106
97.88822517536146
97.03628009497353
96.95028906441537
96.76205063379959
96.33157992711845
95.9498662754087
95.49152244751652
95.08356611881905
94.68736118613671
94.50996132539878
94.4187092677523
93.86762881469257
93.51301173674871
93.3914933000324
92.86962281241217
92.5954377482193
92.51899850371366
92.02203544954054
91.51545026129662
91.11349770339953
90.94875132639886
90.4144564740546
90.30733224311152
89.9607473946417
89.46887369712279
89.12784525639532
88.97251746019353
88.53766175025876
88.25024789964748
88.10010350104471
87.49476457354145
86.85272719889059
86.7490948047586
86.3708972786931
86.18875587413022
85.36867212641272
85.0923968979813
85.00058428415826
84.53864684410314
84.09958328484736
83.82607084849053
83.57261792470733
82.99878668740992
82.62686011126613
82.24691234520459
81.85919835593991
81.74561579083519
81.59678092143636
81.13195986683502
81.0779215115041
80.69377032314105
80.62213282707934
80.29668930728309
79.8783768025754
79.5699927758727
79.11490159867226
78.99515722618712
78.66871338295914
78.57932365709684
78.39623689624328
77.80903873867845
77.19402975543669
76.88142133613577
76.65181816507426
75.8237104906697
75.62900994282225
75.54040145147987
75.291327145612
74.97969109862026
74.16286023699672
73.83855938774339
73.59415002373055
73.47766810364853
72.97595423555236
72.43693826622709
72.12948072362515
71.51617639099577
70.92442746593335
70.53674671299271
70.46730416344673
69.95616704423942
69.49828500033664
69.05649774113428
68.77986331728687
67.79154259764388
0.0044586890989786855
