9082.877358003669
5097.711652206753
3165.498563206904
2513.245962308166
1931.5969566107626
1544.9593217385361
1518.6088478608317
1487.2682325232374
1353.367188822235
1221.651609286539
1199.292550539646
1150.0179552427417
1098.9574882297416
1012.3973736422688
975.6621470433618
935.0045875498826
888.6899639824325
869.8265140048952
860.2742327407078
827.3235596582531
806.1182574910803
786.7395494067974
771.2879682077551
743.8867956713663
715.5609783092993
692.9986497729815
679.0260147294271
673.3222686607376
656.6325900141635
637.5091495439021
629.6464630408325
623.2899239032524
617.4986612566835
591.7084503592921
589.4421241793478
584.6593323475863
576.4818838562916
570.0626256368018
555.1600804461099
548.3013230445176
543.8463977659807
528.0915141967122
520.1175621920069
513.6574028282607
504.513924485447
493.5350948906814
491.79430981737
482.55805743700853
478.59415056967373
474.4994339635192
468.35307331634937
463.4177670245438
456.4493544803337
454.20890088085065
441.30087095039784
439.04665523713726
430.5503173316945
428.10788553601566
423.995663499185
421.42365708120093
415.92410574756343
411.50992966492055
408.99893331084604
405.0820073725151
400.2196573252897
393.70093014858173
391.6359389587377
389.6473523193311
383.69898377802804
380.099192442326
378.3457031436234
372.0156358259718
369.611759493811
368.7975541213386
367.75871971800933
361.33440169096787
359.508096537828
353.22902317466276
349.1938612190387
346.5890390734011
343.7374434025654
342.87996994094954
341.0519150239053
338.2405118012447
334.97730955347294
331.76957134069056
329.51500883181814
327.8279886150613
324.95758487733667
320.29903299205665
319.2290725404011
318.1601786798955
314.54253981920573
309.97716943589467
307.1486794255481
305.6785085144621
303.0737026794183
302.5235679347647
300.46975351453784
296.52594500958173
295.79052186188017
294.7647473290374
292.2024532759341
288.8889684823494
287.4219234198789
285.2494433257254
283.7123164538169
283.54133997346844
279.3847453340112
277.7790273479438
274.9074418736042
274.68619256290447
273.4508360108077
271.8764869408022
270.09068824858025
269.1254119217506
265.7097226167681
265.03474378358317
262.2502936931394
260.3061810458044
260.1071576453692
256.0146581766672
254.6855783072562
253.76799461972396
252.13738132226828
251.87984695116674
249.35948681901422
246.8455955769466
245.80184552635993
244.45947846108143
244.10459522146976
241.1815514016045
238.99749874845793
238.9084646119606
236.41167440793765
235.39131704885114
234.66185886855388
233.81836473777878
232.29767299105413
231.4680617344908
229.2073571239753
228.09194147873947
227.6669706909798
226.65784326156825
223.25710952403657
222.75524694671128
220.24321253857494
219.26961100522274
218.03189508047322
217.52576841361565
216.1373415994368
214.59033350891508
212.79893272184313
212.26835622870644
210.6702480330215
209.07727755397195
208.79451953614375
207.6901811863322
207.0897965297926
206.69344031346654
205.12158092010296
204.76810909286598
202.63531863857855
202.18606495939878
200.2312572654133
199.37971540867807
198.5809706576134
197.92154210319026
196.01941116007865
195.2597954863963
194.59399380633454
193.70937565761307
193.2169231078247
191.9956031000064
191.48085799908932
190.52040654541847
190.0387047295906
188.53000259747947
188.2148359856533
186.84598147176698
185.9563898702259
185.52419364465914
184.08397974698514
182.7150835086665
182.13169680786717
180.99968468244944
180.85215374580943
180.19827012015674
180.11486850842425
178.279951449389
178.17248605362667
177.19975187145423
174.85962065951517
174.48054065399486
174.00285889649768
173.78666724877877
172.5164285995798
171.54606612558692
171.10629963569428
170.9121023374092
169.47124565336995
169.1296912936278
168.67746589797153
167.66230405649304
167.15608918625344
165.479681995067
165.1312960902572
164.57927903478304
163.87780500337308
163.5438484318206
162.86376061321624
162.07357801050213
161.901998271297
160.6262586812949
160.18531832592294
159.98437147037123
159.00133284140264
158.2814060546594
157.79851499514027
156.89677344918198
155.75720808395164
154.8673702933836
154.07344060145803
153.41959947473183
152.39896681786357
152.07382395051036
151.35074925264297
150.91474927708805
150.42917005161252
149.5065344091348
149.44501585788026
149.32105675569608
147.94021366071067
147.09271492178144
146.53553800999964
146.08245274709478
145.86390999852225
145.6378587367205
144.91417930614404
144.01834829985904
143.14454208817023
142.53191865755994
141.82068112002804
141.2946714344406
141.0864520195427
139.61587269159125
139.279224561032
138.9156855154305
138.5502883766442
138.28755262071823
137.60592875717134
137.07341769499718
136.88310314869292
136.03173526282995
135.7290719754007
134.82359847831373
134.47237127153576
133.50238466333013
133.03075380895498
132.8927348004187
132.55130521837145
132.27547958979758
131.3921424868018
131.07619590085753
129.9950728017244
129.4672204090368
129.30702622376975
128.55745111864547
128.53906779120018
128.0742075696659
127.32865969482977
127.2890126424239
126.80148499913109
126.0172108862634
125.52532612902864
124.87414476656492
124.3153105351559
124.12348710813258
123.48596717820035
123.10043507547799
122.67848635466824
121.82642607696033
121.6510757629562
121.1621811511869
120.6072212579812
120.29823758759375
119.84226843097021
119.38931774072755
119.22119407514455
118.50636794176526
117.92997472667426
117.74620692853344
116.76180018075057
116.48099710062044
116.25660641926522
115.92740493594249
115.68463621056226
115.48109682648673
115.14602375673928
113.9956819664529
113.5904913858526
113.30114920436758
112.77607206352796
112.39397939052493
111.71309830951772
111.17185336727097
110.9329996276956
110.70938502904215
110.54237018185985
110.16208594530617
109.34906259039708
109.316705970701
109.1617267715424
109.02296597872973
108.31215441344253
107.83485314875486
107.10348624863558
107.04503151536848
106.53379595352605
106.07732164162275
105.77107709667918
105.60819144557114
105.0868428253123
104.69942581082186
103.75888277550287
103.33181145846511
103.2898201757706
102.70282586575428
102.2582952031675
102.11712316494956
101.65346475975576
101.24084633032193
101.13188976487412
100.34562750386522
100.0663783767529
99.95776279656423
99.7193653745052
99.43011956061258
98.81953684555786
98.45722437237491
98.13784550216972
98.05415192745615
97.4173560840219
97.05632726183883
96.44919255735783
96.20140724207259
95.5278283530169
95.04034568128075
94.61323907708369
94.45602734664989
94.22668461821998
93.65014868599074
93.55136082903161
93.01011571075993
92.42400606725904
92.074509690231
92.02723256268246
91.5493892145545
90.94704781811001
90.63404889932674
90.21103632723826
89.91165848255265
89.57783005819653
89.12961403621924
88.65373431687946
88.38050663856284
87.81560609365917
87.52961219643663
86.9537382535571
86.55342375078074
86.26486538734684
85.79762205705462
85.33828280620885
84.9835757889448
84.7220789425169
84.1664892490786
83.7659431865089
83.21595919365569
83.02262343097217
82.73596364555236
81.94656987916892
81.52306916410588
81.40186360813223
80.72828774097577
80.51506932377632
80.11589302522644
79.99779732693985
79.00880268643506
78.7882505563356
78.38974769917677
78.07767600422676
77.4932993109105
76.95289733967297
75.22515882496315
74.80022129481613
74.61339561437728
74.11880663123996
73.99870880503825
72.39767027026562
0.005447619940687815
