9082.877358003809
5097.711652206704
3165.498563206926
2513.2459623082123
1931.5969566107717
1544.9593217385489
1518.6088478608415
1487.2682325232483
1353.3671888222411
1221.6516092865381
1199.292550539639
1150.017955242734
1098.9574882297436
1012.3973736422695
975.662147043363
935.0045875498829
888.6899639824285
869.8265140048904
860.2742327407074
827.3235596582504
806.1182574910799
786.7395494067924
771.2879682077528
743.8867956713615
715.5609783093101
692.9986497729891
679.0260147294334
673.3222686607374
656.6325900141669
637.5091495439068
629.6464630408361
623.2899239032537
617.498661256689
591.7084503592932
589.4421241793524
584.6593323475902
576.4818838562944
570.0626256368054
555.1600804461106
548.3013230445204
543.8463977659849
528.0915141967104
520.1175621920082
513.6574028282585
504.51392448544743
493.53509489068216
491.7943098173706
482.558057437015
478.5941505696695
474.4994339635185
468.353073316349
463.4177670245428
456.44935448033584
454.20890088084707
441.30087095039266
439.04665523713635
430.55031733168954
428.107885536019
423.99566349918337
421.4236570812018
415.92410574756394
411.5099296649172
408.99893331084473
405.0820073725166
400.2196573252863
393.7009301485794
391.63593895873817
389.6473523193308
383.69898377802815
380.0991924423261
378.3457031436227
372.015635825972
369.6117594938147
368.7975541213396
367.75871971801354
361.3344016909696
359.5080965378279
353.2290231746644
349.193861219037
346.58903907340186
343.73744340256667
342.8799699409467
341.0519150239048
338.2405118012444
334.9773095534759
331.7695713406877
329.51500883181654
327.8279886150634
324.957584877336
320.29903299205625
319.2290725404043
318.1601786798929
314.54253981920596
309.977169435893
307.1486794255457
305.6785085144599
303.0737026794204
302.523567934761
300.4697535145348
296.52594500958065
295.79052186188306
294.7647473290354
292.20245327593443
288.88896848234845
287.421923419878
285.2494433257239
283.71231645381863
283.54133997346605
279.38474533400824
277.7790273479421
274.9074418736025
274.6861925629059
273.45083601080626
271.87648694080724
270.0906882485806
269.12541192174905
265.7097226167643
265.03474378358135
262.2502936931395
260.306181045806
260.1071576453679
256.01465817666804
254.6855783072532
253.76799461972618
252.13738132226794
251.87984695116324
249.35948681901078
246.84559557694516
245.80184552635887
244.4594784610796
244.1045952214696
241.181551401604
238.99749874845887
238.90846461196145
236.41167440793507
235.39131704885094
234.6618588685524
233.81836473777918
232.2976729910547
231.46806173449
229.2073571239762
228.0919414787406
227.66697069097953
226.65784326156566
223.2571095240347
222.7552469467096
220.24321253857548
219.26961100522286
218.03189508047294
217.52576841361446
216.1373415994355
214.59033350891323
212.79893272184322
212.26835622870504
210.6702480330211
209.07727755397116
208.79451953614048
207.69018118633147
207.08979652979082
206.69344031346628
205.12158092010066
204.76810909286488
202.6353186385782
202.18606495939807
200.23125726541474
199.3797154086782
198.58097065761302
197.9215421031889
196.01941116007802
195.25979548639393
194.59399380633496
193.70937565761398
193.21692310782436
191.99560310000626
191.48085799908716
190.52040654541858
190.03870472959207
188.53000259747833
188.2148359856508
186.84598147176595
185.95638987022645
185.52419364465777
184.08397974698494
182.7150835086655
182.1316968078655
180.99968468245206
180.85215374580844
180.19827012015597
180.11486850842297
178.27995144938672
178.17248605362715
177.1997518714532
174.85962065951438
174.480540653994
174.0028588964955
173.78666724877783
172.5164285995784
171.54606612558564
171.10629963569323
170.9121023374095
169.47124565336821
169.129691293627
168.67746589797008
167.6623040564916
167.15608918625287
165.4796819950662
165.13129609025555
164.57927903478193
163.8778050033706
163.54384843181944
162.8637606132154
162.07357801050182
161.90199827129527
160.62625868129481
160.18531832592262
159.98437147036833
159.0013328414021
158.28140605465768
157.7985149951385
156.89677344918044
155.7572080839501
154.86737029338332
154.07344060145812
153.41959947473106
152.39896681786172
152.07382395050976
151.35074925264192
150.91474927708626
150.4291700516116
149.50653440913337
149.44501585787876
149.32105675569412
147.94021366070874
147.09271492178
146.5355380099986
146.0824527470925
145.8639099985205
145.63785873671924
144.9141793061418
144.01834829985825
143.14454208816798
142.53191865755855
141.82068112002673
141.294671434439
141.086452019542
139.6158726915898
139.27922456103073
138.91568551542937
138.55028837664113
138.28755262071616
137.60592875717037
137.07341769499482
136.88310314869213
136.0317352628284
135.729071975399
134.8235984783123
134.47237127153548
133.50238466332868
133.0307538089534
132.89273480041652
132.55130521837032
132.27547958979574
131.39214248680025
131.07619590085605
129.99507280172222
129.4672204090362
129.30702622376913
128.55745111864465
128.5390677911989
128.07420756966454
127.32865969482779
127.28901264242106
126.8014849991293
126.01721088626228
125.52532612902677
124.87414476656305
124.3153105351545
124.12348710813058
123.48596717819923
123.10043507547547
122.67848635466748
121.82642607695905
121.65107576295419
121.16218115118625
120.6072212579796
120.298237587592
119.8422684309698
119.38931774072614
119.2211940751427
118.50636794176317
117.92997472667196
117.74620692853186
116.76180018074878
116.48099710061778
116.25660641926326
115.92740493594037
115.6846362105561
115.48109682648416
115.14602375673763
113.99568196645052
113.59049138585107
113.30114920436692
112.77607206352695
112.3939793905226
111.71309830951564
111.1718533672691
110.93299962769481
110.70938502904063
110.54237018186004
110.16208594530401
109.34906259039604
109.31670597070111
109.1617267715401
109.02296597873045
108.31215441344055
107.83485314875398
107.10348624863305
107.04503151536683
106.53379595352517
106.07732164162131
105.77107709667851
105.60819144556997
105.0868428253103
104.69942581082037
103.75888277549964
103.33181145846304
103.28982017576851
102.70282586575435
102.25829520316589
102.11712316494756
101.65346475975593
101.24084633031984
101.13188976487235
100.34562750386279
100.06637837675112
99.9577627965634
99.71936537450244
99.43011956061137
98.81953684555613
98.45722437237384
98.1378455021684
98.05415192745387
97.41735608402
97.05632726183677
96.4491925573566
96.20140724207026
95.52782835301436
95.04034568127949
94.6132390770816
94.45602734664797
94.22668461821742
93.65014868598892
93.55136082902989
93.0101157107584
92.4240060672574
92.07450969022877
92.0272325626782
91.54938921455106
90.94704781810712
90.6340488993251
90.21103632723577
89.91165848255108
89.5778300581937
89.12961403621797
88.65373431687806
88.38050663856092
87.81560609365596
87.52961219643382
86.95373825355468
86.55342375077866
86.26486538734419
85.79762205705283
85.33828280620662
84.98357578894337
84.7220789425164
84.16648924907646
83.76594318650731
83.2159591936532
83.02262343097084
82.73596364555007
81.9465698791669
81.52306916410477
81.40186360813202
80.72828774097329
80.51506932377566
80.11589302522546
79.99779732693706
79.00880268643309
78.7882505563335
78.38974769917715
78.07767600422608
77.4932993109078
76.95289733967027
75.22515882496162
74.8002212948119
74.61339561437529
74.11880663123996
73.99870880503254
72.39767027026302
0.00544761994084666
