7891.912939105482
4474.3187364925
2955.5362402933515
2460.8720834625997
2212.830697988744
1645.3620969374028
1510.3040835738734
1332.7984313548436
1295.3016481247628
1203.399901033781
1171.1008976321611
1134.8198825906977
1079.2673642902337
1047.1069819857346
986.9685926855584
933.8979894743236
916.9481855090431
906.6998778237988
884.9334288891034
830.0197805675183
823.790820420526
800.9587204155742
771.2077496355897
758.7600076645685
746.1944729331992
740.4194876530609
727.7578111252461
703.377343220963
697.0152207597237
692.0753330216176
672.6121699829938
668.3814045309792
660.2623777367093
655.6741100698822
638.4634280921883
634.9125946904303
620.9499180720427
616.9811776664984
602.9327699838744
586.9276146575783
584.267630876947
574.6727816059807
571.3999907874432
561.8444143168899
553.9005494095039
546.6438291422577
537.0384313029116
531.6977810626923
530.7542995004081
523.1676892064459
516.7990905155551
514.2370194926543
508.24660911965555
494.82646742385737
494.4416262012019
482.109372668258
480.33581471977567
473.6464099297949
473.2617800991807
465.5234260284035
462.12158306244083
457.4379297455655
452.6514771800532
448.1456535115462
442.5834016626256
441.1711986211849
437.53057547074155
435.388361133266
431.5477130766409
422.80427330258993
420.63409678141545
417.7586865552666
414.35639020772544
412.2580413496453
407.7189423888408
405.8205015964054
403.2505772635407
400.17988532188457
396.92813692895396
393.6093872767741
393.44107219086817
389.9993902759714
384.8237111655742
383.247144047345
379.33070390835934
374.7508538534087
373.2017794210255
369.50965136892745
367.51672999066983
363.5996280397549
360.9271874354956
360.3398629555684
358.03746673605065
355.27455470872377
352.9395954973281
347.7997271664572
347.30769763040905
345.8461266885277
344.7415331408698
340.02862971020096
337.89278579440867
335.7146689255096
333.10166465354746
330.91294989262457
328.0624069980242
325.51317378817095
324.1581558792284
323.7262931656975
321.8690078431108
319.8521964881862
319.1854392192128
316.0167922516725
313.7555890648559
311.94715066527533
309.2713986699717
308.63994182997084
307.04549103308756
305.6266388385558
303.68241164596714
300.9215018101988
300.35802244955613
299.5446060098598
296.4366990702452
295.48068659839527
294.86265117925234
290.6624124247049
288.38123071682304
287.31058355642693
283.2109597170909
280.6377914280957
279.9764444110347
278.7652947770336
277.9681953871319
276.4051869301688
275.6746832234669
275.04640953791113
273.3020477244916
271.2731174128595
268.91888208254875
267.3979145341545
266.6146888743231
265.33415536413975
264.13609464291244
263.1339519633099
261.96202017401913
259.1255373541145
258.7559483544468
256.42863606532836
256.0963132966974
255.06962711906354
253.35233912829548
251.88259147462747
251.25245587547127
250.12335147208935
249.2441494327997
248.140916580909
247.11390653162522
243.64600153171565
242.09198576223105
240.2130059490335
239.60253849515826
237.98879318960368
237.7793954251581
236.76446951005798
235.4866953822129
235.13592153560356
234.23912704673305
232.62455754075572
231.07815565734134
229.68249978700547
228.3958632799683
227.74228612030296
227.5731388429217
226.07212592943694
224.9577438531048
222.9622187557887
222.2239826656217
221.7890522743277
220.42012952812425
219.60010350606996
218.5120198809964
217.86423707346663
216.97823329630748
216.7190128327042
215.15702762878604
214.5233448410085
214.37924231485775
212.94454463334822
211.76166661662617
210.2662943616092
209.58385425139946
208.5983784394351
207.77463951267137
206.44067831885505
206.10114428995888
205.15692660448
204.5347798622558
202.86094924022112
202.01788120846436
201.5125726109005
200.68736871503575
199.99581261959744
199.01131772386856
198.82354272354718
197.45721778597874
196.78359812793587
195.7633389496525
195.2752355845768
193.68596328521068
192.8875193273209
191.57671778103852
190.91875999664396
189.72334828025274
189.22767822715667
188.61047116490667
187.944913610842
187.27629742284608
186.5179736477629
185.81152486583872
184.87143771531913
184.06243010563054
183.93435357277528
183.528346159716
181.83927112446295
180.70009895989864
179.6741388993089
178.93756028538192
177.89936070294533
177.43425410041203
176.13223127023647
175.39809369623416
175.12348060162176
173.98034842296087
173.55490108159057
173.13666968478518
172.09964241292533
171.669668348286
171.27412158522776
170.46994936547745
169.6524139370983
169.07946120662896
168.65331082880792
168.33755444286103
167.18190502376368
166.31491022695988
165.31639350436552
165.1742622882643
162.87481689257743
162.7838434307863
162.2306942951524
161.5892229665178
161.08080434397837
160.7738485996196
159.39376155769818
159.31378207856045
157.89342468840118
157.16513471267388
156.98413876978378
156.60936026989236
156.5043980681009
155.79901986187852
154.928599368058
154.43363410387704
153.3851552588767
152.56324046189772
152.32610922704941
151.428235358322
150.83743383823452
149.8497098672571
149.32732153021064
148.23503888620695
147.77666071594422
147.2412647277376
146.3844690751837
145.8592993375477
145.28133446897527
144.68690860677586
144.3420075958837
143.2740190779252
142.02419993961087
141.42650027819403
141.08102591697013
140.24296621312638
139.8567959286582
138.43489901379544
137.83561025413445
137.53493053469978
135.4154565942894
134.83763806856336
134.36634042904362
133.6777701324964
132.9920502812327
132.13886690369196
130.74735411714155
130.01372794811837
129.09666422859127
126.9746853906676
126.04940347941599
125.05662144495396
0.005159607099633037
